%YAML:1.0
R: !!opencv-matrix
   rows: 3
   cols: 3
   dt: d
   data: [ 9.9923704256225798e-01, 1.9823185657701350e-03,
       3.9005168690009320e-02, -2.4713609142274270e-03,
       9.9991889704497550e-01, 1.2493666699222038e-02,
       -3.8977238828114921e-02, -1.2580530412642534e-02,
       9.9916090050995920e-01 ]
T: !!opencv-matrix
   rows: 3
   cols: 1
   dt: d
   data: [ -3.1915657384810641e+00, 3.9838031550555250e-02,
       4.6552769805968375e-01 ]
R1: !!opencv-matrix
   rows: 3
   cols: 3
   dt: d
   data: [ 9.9435442144025532e-01, -8.5725597068138353e-03,
       -1.0576292253095236e-01, 9.2385374210132050e-03,
       9.9994045319999947e-01, 5.8085695743749595e-03,
       1.0570683037786943e-01, -6.7528715560810117e-03,
       9.9437440873003735e-01 ]
R2: !!opencv-matrix
   rows: 3
   cols: 3
   dt: d
   data: [ 9.8945347715993526e-01, -1.2350639802163044e-02,
       -1.4432351933274998e-01, 1.1440253571312873e-02,
       9.9990909364637104e-01, -7.1361783551866969e-03,
       1.4439853577629344e-01, 5.4098188297020035e-03,
       9.8950482400334572e-01 ]
P1: !!opencv-matrix
   rows: 3
   cols: 4
   dt: d
   data: [ 7.4225087122264893e+02, 0., 4.7910144233703613e+02, 0., 0.,
       7.4225087122264893e+02, 2.3164058494567871e+02, 0., 0., 0., 1.,
       0. ]
P2: !!opencv-matrix
   rows: 3
   cols: 4
   dt: d
   data: [ 7.4225087122264893e+02, 0., 4.7910144233703613e+02,
       -2.3941928596295293e+03, 0., 7.4225087122264893e+02,
       2.3164058494567871e+02, 0., 0., 0., 1., 0. ]
Q: !!opencv-matrix
   rows: 4
   cols: 4
   dt: d
   data: [ 1., 0., 0., -4.7910144233703613e+02, 0., 1., 0.,
       -2.3164058494567871e+02, 0., 0., 0., 7.4225087122264893e+02, 0.,
       0., 3.1002133693502987e-01, 0. ]
