%YAML:1.0
M1: !!opencv-matrix
   rows: 3
   cols: 3
   dt: d
   data: [ 8.8479242215135719e+02, 0., 3.5227894903764974e+02, 0.,
       8.8479242215135719e+02, 2.2721872769981576e+02, 0., 0., 1. ]
D1: !!opencv-matrix
   rows: 1
   cols: 14
   dt: d
   data: [ -1.4943771672341244e-01, 1.1997075849379217e+00, 0., 0., 0.,
       0., 0., 4.0958430567846182e+00, 0., 0., 0., 0., 0., 0. ]
M2: !!opencv-matrix
   rows: 3
   cols: 3
   dt: d
   data: [ 8.8479242215135719e+02, 0., 3.6082957392808902e+02, 0.,
       8.8479242215135719e+02, 2.3403493780752680e+02, 0., 0., 1. ]
D2: !!opencv-matrix
   rows: 1
   cols: 14
   dt: d
   data: [ -4.7176678104182967e-02, 9.2084095769230989e-01, 0., 0., 0.,
       0., 0., 1.2457862194222815e+00, 0., 0., 0., 0., 0., 0. ]
