%YAML:1.0
vmin: 1
vmax: 2
smin: 26
bsiz: 4
sp1: 361
sp2: 2579
dmd: 21
pfc: 142
sur: 25
sws: 0
ssr: 0
